A1	93969	186162	N50 58	00,7	E03 34	10,5
A2	94076	186104	N50 58	58,7	E03 34	14,7
A3	95107	185485	N50 58	37,4	E03 35	13,2
A4	95296	185315	N50 58	31,9	E03 35	22,9
A5	95541	184897	N50 58	16,5	E03 35	29,4
A6	95843	184834	N50 58	16,3	E03 35	51,2
A7	96130	184750	N50 58	13,7	E03 36	06,1
A8	96387	184656	N50 58	11,0	E03 36	19,4
A9	96578	184392	N50 58	04,3	E03 36	26,6
A10	97225	183727	N50 57	41,0	E03 37	05,6
A11	97369	183620	N50 57	37,8	E03 37	10,3
A12	97465	183509	N50 57	32,5	E03 37	12,8
A13	97985	183280	N50 57	26,9	E03 37	42,0
A14	98032	183331	N50 57	28,5	E03 37	45,0
A15	101292	181400	N50 56	27,2	E03 40	32,5
A16	102018	181348	N50 56	25,5	E03 41	09,5
A17	102451	181346	N50 56	25,7	E03 41	31,7
A18	102858	181317	N50 56	24,8	E03 41	52,8
A19	103015	181104	N50 56	18,7	E03 42	02,0
A20	103704	180808	N50 57	08,5	E03 42	36,1
A21	104065	180780	N50 56	08,1	E03 42	54,9
A22	104218	180780	N50 56	07,9	E03 43	02,6
A23	106062	181509	N50 56	32,4	E03 44	36,9
A24	106882	181881	N50 56	40,7	E03 45	22,3
A25	107431	182247	N50 56	56,2	E03 45	46,2
A26	107630	182339	N50 56	59,1	E03 45	56,6
A27	107923	182672	N50 57	10,0	E03 46	11,9
A28	108523	183064	N50 57	22,9	E03 46	42,4
A29	108570	183071	N50 57	23,3	E03 46	44,5
A30	108854	183052	N50 57	22,4	E03 46	59,3
A31	109243	182849	N50 57	16,6	E03 47	19,3
A32	109739	182904	N50 57	20,4	E03 47	42,8
A33	110863	183533	N50 57	38,8	E03 48	41,7
A34	110732	183809	N50 57	47,7	E03 48	35,2
A35	110769	183901	N50 57	51,0	E03 48	36,3
A36	111079	184448	N50 58	08,3	E03 48	52,1
A37	111136	184511	N50 58	11,6	E03 48	56,3
A38	111802	184767	N50 58	19,1	E03 49	28,7
A39	112094	185278	N50 58	35,7	E03 49	43,6
A40	112632	185472	N50 58	42,0	E03 50	11,5
A41	112707	186387	N50 59	11,4	E03 50	15,2
A42	112871	186512	N50 59	15,6	E03 50	23,7
A43	113139	187134	N50 59	36,4	E03 50	39,0
A44	113138	187210	N50 59	38,5	E03 50	38,4
A45	113329	186024	N50 59	01,0	E03 50	44,8
A46	113372	186085	N50 59	02,8	E03 50	48,0
As1	93408	187049	N50 59	27,2	E03 33	45,1
As2	93393	186735	N50 59	17,3	E03 33	44,6
As3	93833	186235	N50 59	01,3	E03 34	08,8
As4	93519	186787	N50 59	18,9	E03 33	51,3
As5	93623	186494	N50 59	09,7	E03 33	56,6
As6	93748	186427	N50 59	07,1	E03 34	03,4
As7	93771	186401	N50 59	06,3	E03 34	04,1
As8	93812	186634	N50 59	14,1	E03 34	06,3
AV1	100676	181665	N50 56	35,7	E03 40	00,8
AV2	101534	181435	N50 56	27,8	E03 40	44,2
AV3	103324	181041	N50 56	14,7	E03 42	16,7
AV4	106294	181633	N50 56	35,9	E03 44	48,4
AV5	107279	182122	N50 56	52,1	E03 45	38,7
AV6	107992	182825	N50 57	15,2	E03 46	15,4
AV7	108874	182347	N50 56	59,5	E03 47	01,4
AV8	109012	182381	N50 57	02,2	E03 47	06,9
AV9	109240	182497	N50 57	04,7	E03 47	18,9
AV10	111427	183984	N50 57	53,9	E03 49	10,5
AV11	111619	184304	N50 58	03,8	E03 49	20,4
AV12	111854	184465	N50 58	10,7	E03 49	34,3
AV13	112590	185608	N50 58	46,4	E03 50	09,8
AV14	112574	186246	N50 59	06,9	E03 50	08,2
AV15	113174	186635	N50 59	19,6	E03 50	39,1
AV16	113127	187026	N50 59	32,5	E03 50	36,7
B1	94794	186806	N50 59	19,6	E03 34	56,9
B2	95251	186571	N50 59	12,5	E03 35	20,0
B3	95872	186393	N50 59	06,7	E03 35	51,7
B4	96089	186217	N50 59	01,4	E03 36	03,2
B5	96927	185740	N50 58	46,0	E03 36	46,7
B6	96986	185552	N50 58	41,0	E03 36	50,0
B7	97192	185567	N50 58	40,7	E03 36	59,3
B8	98221	185042	N50 58	24,9	E03 37	53
B9	98173	184800	N50 58	16,0	E03 37	50,7
B10	98936	184511	N50 58	07,5	E03 38	31,1
B11	98971	184345	N50 58	04,1	E03 38	34,7
B12	99437	184081	N50 57	53,1	E03 38	55,3
B13	99798	184156	N50 57	56,1	E03 39	16,1
B14	100163	183975	N50 57	50,4	E03 39	33,1
B15	100306	183989	N50 57	50,0	E03 39	40,8
B16	95525	186980	N50 59	25,7	E03 35	33,7
B17	102259	182929	N50 57	16,8	E03 41	21,2
B18	102268	182831	N50 57	13,8	E03 41	20,8
B19	103118	182737	N50 57	10,8	E03 42	04,9
B20	103341	182699	N50 57	09,5	E03 42	16,3
B21	103599	182531	N50 57	04,0	E03 42	30,3
B22	103702	182599	N50 57	06,2	E03 42	35,3
B23	104377	182416	N50 57	01,1	E03 43	09,9
B24	104919	182552	N50 57	05,3	E03 43	37,3
B25	105015	182613	N50 57	07,6	E03 43	45,1
B26	105498	182803	N50 57	17,7	E03 44	09,3
B27	105722	182836	N50 57	18,8	E03 44	15,1
B28	106439	183296	N50 57	29,4	E03 44	55,5
B29	106615	183420	N50 57	34,0	E03 45	03,9
B30	107231	183985	N50 57	52,5	E03 45	35,1
B31	107484	184181	N50 57	58,9	E03 45	49,0
B32	108166	184330	N50 58	03,7	E03 46	23,6
B33	108625	184437	N50 58	07,3	E03 46	46,8
B34	108990	184140	N50 57	58,2	E03 47	05,3
B35	109179	183984	N50 57	52,7	E03 47	15,6
B36	109559	184090	N50 57	56,5	E03 47	34,5
B37	110163	184457	N50 58	08,3	E03 48	05,2
B38	110361	184815	N50 58	20,0	E03 48	16,0
B39	110536	185053	N50 58	28,1	E03 48	24,0
B40	110764	185409	N50 58	41,2	E03 48	36,2
B41	111016	185622	N50 58	46,4	E03 48	48,2
B42	111325	186479	N50 59	13,4	E03 49	05,4
B43	111379	186472	N50 59	14,4	E03 49	06,2
B44	111536	187074	N50 59	33,6	E03 49	14,1
B45	111551	187282	N50 59	40,1	E03 49	15,6
B46	111854	187346	N50 59	42,6	E03 49	31,3
Be1	109846	183105	N50 57	24,6	E03 47	49,7
Be2	109912	183070	N50 57	22,2	E03 47	53,6
Be3	110047	183053	N50 57	21,4	E03 48	00,5
Be4	110219	183126	N50 57	25,3	E03 48	09,0
Be5	110171	183044	N50 57	22,7	E03 48	06,5
Be6	110253	183062	N50 57	23,8	E03 48	10,5
Be7	110286	183093	N50 57	24,5	E03 48	12,6
Be8	110331	183196	N50 57	27,7	E03 48	14,6
Be9	110435	183283	N50 57	31,0	E03 48	20,6
Be10	110491	183341	N50 57	32,6	E03 48	22,9
Be11	110552	183431	N50 57	35,3	E03 48	25,6
Be12	110633	183492	N50 57	37,4	E03 48	30,0
Be13	109840	183259	N50 57	29,5	E03 47	49,5
Be14	110041	183233	N50 57	28,9	E03 47	59,1
Be15	110132	183161	N50 57	27,1	E03 48	04,0
Be16	110529	183485	N50 57	37,3	E03 48	24,2
Be17	110212	183569	N50 57	40,0	E03 48	07,3
Be18	109875	183477	N50 57	36,7	E03 47	51,3
Be19	110063	183308	N50 57	32,9	E03 48	00,1
Be20	110261	183516	N50 57	37,9	E03 48	11,4
Be21	110432	183537	N50 57	38,6	E03 48	19,0
Be22	110508	183784	N50 57	46,7	E03 48	23,7
C1	94231	186663	N50 59	14,6	E03 34	27,2
C2	95276	185910	N50 58	51,3	E03 35	21,8
C3	95968	185503	N50 58	38,9	E03 35	57,5
C4	96846	184961	N50 58	20,8	E03 36	42,9
C5	97785	184075	N50 57	52,3	E03 37	31,5
C6	98938	183582	N50 57	37,1	E03 38	30,4
C7	101178	182267	N50 56	40,7	E03 39	36,7
C8	102362	181875	N50 56	42,7	E03 41	27,0
C9	103289	181616	N50 56	34,6	E03 42	14,7
C10	103902	181341	N50 56	26,2	E03 42	46,1
C12	106358	182218	N50 56	54,7	E03 44	51,6
C13	107896	183157	N50 57	25,8	E03 46	09,7
C14	108935	183542	N50 57	24,7	E03 46	56,4
C16	110913	184725	N50 58	17,3	E03 48	43,4
C17	111712	185525	N50 58	43,1	E03 49	24,1
C18	112173	186730	N50 59	22,3	E03 49	47,7
D1	94201	186921	N50 59	23,4	E03 34	26,9
D2	94923	186039	N50 58	57,1	E03 34	59,4
D3	98429	183458	N50 57	32,9	E03 38	04,3
D4	98675	183749	N50 57	42,8	E03 38	17,0
D5	99391	183541	N50 57	35,7	E03 38	53,5
D6	100579	182414	N50 56	02,7	E03 39	45,0
D7	101092	181824	N50 56	40,7	E03 40	22,2
D8	101622	182053	N50 56	48,1	E03 40	48,9
D9	102550	181754	N50 56	38,5	E03 41	36,4
D10	103555	181524	N50 56	31,7	E03 42	28,0
D11	104174	181327	N50 56	25,4	E03 42	59,8
D12	105653	181844	N50 56	42,8	E03 44	15,3
D13	106187	181731	N50 56	38,9	E03 44	40,9
D14	106666	182408	N50 57	01,1	E03 45	07,6
D15	107224	182816	N50 57	14,3	E03 45	35,0
D16	107499	182924	N50 57	17,9	E03 45	50,0
D17	111427	184996	N50 58	26,3	E03 49	09,4
D18	111487	185146	N50 58	31,0	E03 49	13,0
D19	112139	185895	N50 58	56,1	E03 49	46,2
D20	111965	186303	N50 59	08,7	E03 49	36,8
D21	112344	186801	N50 59	24,6	E03 49	56,3
D22	112161	186953	N50 59	29,6	E03 49	47,0
D23	112477	187088	N50 59	34,3	E03 50	01,4
E1	98597	183256	N50 57	26,0	E03 38	15,3
E2	98482	182983	N50 57	17,7	E03 38	07,3
E3	98525	182842	N50 57	12,5	E03 38	10,0
E4	98635	182583	N50 57	04,1	E03 38	15,8
E5	98847	182557	N50 57	03,3	E03 38	26,6
E6	98943	182563	N50 57	04,0	E03 38	31,3
E7	98865	182677	N50 57	07,5	E03 38	26,6
E8	99026	182809	N50 57	09,7	E03 38	34,0
E9	98927	182910	N50 57	15,2	E03 38	30,3
E10	98864	183184	N50 57	23,8	E03 38	27,3
Mu1	104474	180849	N50 56	10,3	E03 43	15,7
Mu2	104609	180792	N50 56	10,2	E03 43	20,3
Mu3	104689	180834	N50 56	11,4	E03 43	24,9
Mu4	104951	180889	N50 56	11,7	E03 43	40,0
Mu5	105039	180840	N50 56	09,9	E03 43	45,5
Mu6	105193	180823	N50 56	09,5	E03 43	52,1
Mu7	105270	180900	N50 56	11,7	E03 43	56,1
Mu8	105308	181035	N50 56	16,5	E03 43	57,9
Mu9	105464	181094	N50 56	18,4	E03 44	06,4
Mu10	105542	181043	N50 56	16,5	E03 44	10,1
Mu11	105631	181133	N50 56	19,3	E03 44	15,1
Mu12	105765	181219	N50 56	22,9	E03 44	21,4
Mu13	105128	180933	N50 56	13,2	E03 43	49,2
Mu14	104737	181007	N50 56	15,4	E03 43	29,4
Mu15	105471	181262	N50 56	23,8	E03 44	06,6
Mu16	105588	181336	N50 56	25,9	E03 44	11,9
Mu17	105059	181092	N50 56	17,6	E03 43	46,1
Mu18	105152	181125	N50 56	19,1	E03 43	53,3
Mu19	104661	181108	N50 56	19,6	E03 43	27,2
Mu20	104920	181257	N50 56	23,4	E03 43	37,9
Mu21	105159	181339	N50 56	26,0	E03 43	50,5
Mu22	105313	181368	N50 56	27,4	E03 43	58,2
Mu23	104719	181297	N50 56	24,5	E03 43	28,0
Mu24	105538	181522	N50 56	34,3	E03 44	08,5
Mu25	105006	181493	N50 56	32,0	E03 43	43,4
S5	112695	185452	N50 58	41,2	E03 50	15,3
S6	112709	185472	N50 58	41,8	E03 50	16,1
S8	112826	186460	N50 59	13,8	E03 50	21,4
Se1	100043	181263	N50 56	22,2	E03 39	28,2
Se2	100132	181319	N50 56	25,2	E03 39	33,6
Se3	100159	181344	N50 56	23,8	E03 39	32,9
Se4	100153	181154	N50 56	19,1	E03 39	34,1
Se5	100275	181167	N50 56	19,6	E03 39	41,9
Se6	100406	181178	N50 56	19,5	E03 39	47,3
Se7	100418	181487	N50 56	27,4	E03 39	45,3
Se8	100314	181310	N50 56	23,9	E03 39	42,2
Se9	100294	181236	N50 56	21,2	E03 39	41,4
Se10	100443	181265	N50 56	22,5	E03 39	48,6
Se11	100622	181332	N50 56	24,7	E03 39	58,1
Se12	100097	181571	N50 56	30,3	E03 39	29,1
Se13	100275	181486	N50 56	29,9	E03 39	41,0
